k = 0
Y = (0, 0, 0, 0, 0, 0, 0, 0, 0, 0, 0, 0, 0, 0, 0, 0),
W = (0.0, 0.0, 0.0, 0.0, 0.0), E = 13


k = 1
Y = (1, 1, 1, 1, 1, 1, 1, 1, 1, 1, 1, 1, 1, 1, 1, 1),
W = (0.075, 0.0, 0.0, 0.075, 0.075), E = 3


k = 2
Y = (0, 1, 1, 1, 1, 1, 1, 1, 0, 1, 1, 1, 1, 1, 1, 1),
W = (-0.001, -0.002, 0.075, 0.075, 0.073), E = 1


k = 3
Y = (1, 1, 1, 1, 1, 1, 1, 1, 1, 1, 1, 1, 1, 1, 1, 1),
W = (0.074, 0.073, 0.075, 0.15, 0.074), E = 3


k = 4
Y = (0, 1, 1, 1, 1, 1, 1, 1, 1, 1, 1, 1, 1, 1, 1, 1),
W = (-0.0, 0.073, 0.15, 0.15, 0.074), E = 2


k = 5
Y = (1, 1, 1, 1, 1, 1, 1, 1, 1, 1, 1, 1, 1, 1, 1, 1),
W = (0.0, 0.148, 0.15, 0.15, 0.074), E = 3


k = 6
Y = (0, 1, 1, 1, 1, 1, 1, 1, 1, 1, 1, 1, 1, 1, 1, 1),
W = (-0.074, 0.149, 0.15, 0.15, 0.149), E = 2


k = 7
Y = (0, 0, 1, 1, 1, 1, 1, 1, 0, 1, 1, 1, 1, 1, 1, 1),
W = (-0.149, 0.149, 0.15, 0.15, 0.075), E = 0


