k = 0
Y = (0, 0, 0, 0, 0, 0, 0, 0, 0, 0, 0, 0, 0, 0, 0, 0),
W = (0.0, 0.0, 0.0, 0.0, 0.0), E = 13


k = 1
Y = (1, 1, 1, 1, 1, 1, 1, 1, 1, 1, 1, 1, 1, 1, 1, 1),
W = (0.3, 0.0, 0.0, 0.3, 0.3), E = 3


k = 2
Y = (1, 1, 1, 1, 1, 1, 1, 1, 1, 1, 1, 1, 1, 1, 1, 1),
W = (0.3, 0.0, 0.3, 0.6, 0.3), E = 3


k = 3
Y = (1, 1, 1, 1, 1, 1, 1, 1, 1, 1, 1, 1, 1, 1, 1, 1),
W = (0.3, 0.3, 0.6, 0.6, 0.3), E = 3


k = 4
Y = (0, 1, 1, 1, 1, 1, 1, 1, 1, 1, 1, 1, 1, 1, 1, 1),
W = (0.0, 0.6, 0.6, 0.6, 0.3), E = 2


k = 5
Y = (0, 0, 1, 1, 1, 1, 1, 1, 1, 1, 1, 1, 1, 1, 1, 1),
W = (-0.3, 0.6, 0.6, 0.6, 0.3), E = 1


k = 6
Y = (0, 1, 1, 1, 1, 1, 1, 1, 1, 1, 1, 1, 1, 1, 1, 1),
W = (-0.3, 0.6, 0.6, 0.6, 0.6), E = 2


k = 7
Y = (0, 1, 1, 1, 1, 1, 1, 1, 1, 1, 1, 1, 1, 1, 1, 1),
W = (-0.3, 0.6, 0.6, 0.9, 0.6), E = 2


k = 8
Y = (0, 1, 1, 1, 1, 1, 1, 1, 1, 1, 1, 1, 1, 1, 1, 1),
W = (-0.3, 0.6, 0.9, 0.9, 0.6), E = 2


k = 9
Y = (0, 0, 1, 1, 1, 1, 1, 1, 0, 1, 1, 1, 1, 1, 1, 1),
W = (-0.6, 0.6, 0.9, 0.9, 0.3), E = 0


